9 0.0075 0.722 0.017 0.042
9 0.0555 0.7185 0.037 0.045
9 0.098 0.7385 0.07 0.051000000000000004
9 0.1475 0.7245 0.057 0.045
9 0.228 0.6775 0.066 0.051000000000000004
9 0.258 0.715 0.052000000000000005 0.042
9 0.3965 0.758 0.049 0.046
9 0.462 0.7305 0.04 0.043000000000000003
9 0.47550000000000003 0.7475 0.027 0.043000000000000003
9 0.5125 0.7615000000000001 0.035 0.039
9 0.582 0.733 0.07200000000000001 0.05
9 0.631 0.762 0.056 0.046
9 0.6835 0.778 0.035 0.048
9 0.713 0.783 0.03 0.032
9 0.7385 0.7745 0.053 0.051000000000000004
9 0.8310000000000001 0.7745 0.066 0.041
9 0.847 0.763 0.042 0.046
9 0.9435 0.763 0.047 0.036000000000000004
