14 0.025500000000000002 0.9480000000000001 0.053 0.10200000000000001
14 0.792 0.5650000000000001 0.066 0.122
14 0.579 0.5075000000000001 0.052000000000000005 0.111
14 0.7445 0.51 0.043000000000000003 0.116
14 0.9405 0.444 0.07100000000000001 0.116
14 0.917 0.295 0.038 0.092
14 0.7365 0.3655 0.07100000000000001 0.101
14 0.079 0.548 0.052000000000000005 0.122
14 0.041 0.5135 0.05 0.127
14 0.5975 0.3285 0.07100000000000001 0.085
14 0.5815 0.28150000000000003 0.059000000000000004 0.085
14 0.154 0.418 0.066 0.114
14 0.309 0.352 0.07200000000000001 0.1
14 0.3315 0.34 0.033 0.094
