14 0.9745 0.596 0.049 0.114
14 0.9325 0.8525 0.081 0.177
14 0.638 0.833 0.094 0.178
14 0.771 0.7495 0.066 0.17500000000000002
14 0.47550000000000003 0.526 0.073 0.162
14 0.108 0.599 0.048 0.164
14 0.1135 0.59 0.057 0.164
14 0.1675 0.5745 0.061 0.167
14 0.20600000000000002 0.5775 0.076 0.157
14 0.3205 0.5710000000000001 0.051000000000000004 0.152
14 0.332 0.53 0.052000000000000005 0.156
14 0.3955 0.4595 0.059000000000000004 0.127
14 0.4425 0.3625 0.083 0.10300000000000001
14 0.2745 0.40700000000000003 0.091 0.10400000000000001
14 0.1275 0.4215 0.059000000000000004 0.097
14 0.0155 0.549 0.033 0.14
14 0.0405 0.491 0.075 0.112
