14 0.9705 0.41000000000000003 0.041 0.098
14 0.8605 0.396 0.037 0.10200000000000001
14 0.6985 0.525 0.055 0.116
14 0.678 0.6695 0.058 0.14100000000000001
14 0.722 0.783 0.058 0.156
14 0.5755 0.741 0.07100000000000001 0.154
14 0.454 0.7205 0.056 0.165
14 0.4055 0.7215 0.055 0.157
14 0.365 0.716 0.044 0.16
14 0.3305 0.726 0.035 0.154
14 0.296 0.7175 0.05 0.159
14 0.23600000000000002 0.7085 0.044 0.157
14 0.124 0.738 0.046 0.162
14 0.161 0.7095 0.036000000000000004 0.159
14 0.148 0.6855 0.034 0.147
14 0.006500000000000001 0.759 0.015 0.154
14 0.019 0.6645 0.04 0.135
