14 0.0485 0.6990000000000001 0.049 0.10400000000000001
14 0.40700000000000003 0.8290000000000001 0.044 0.108
14 0.645 0.8135 0.038 0.10300000000000001
14 0.2135 0.6395000000000001 0.035 0.083
14 0.23500000000000001 0.591 0.038 0.074
14 0.4805 0.637 0.033 0.082
14 0.28450000000000003 0.5650000000000001 0.033 0.08600000000000001
14 0.273 0.5145 0.046 0.073
14 0.271 0.455 0.04 0.062
14 0.3935 0.4585 0.045 0.059000000000000004
14 0.644 0.55 0.048 0.08
14 0.9195 0.581 0.031 0.082
14 0.741 0.523 0.05 0.06
14 0.6965 0.5065000000000001 0.055 0.065
14 0.8965 0.462 0.045 0.068
