14 0.895 0.7875 0.046 0.133
14 0.2965 0.7375 0.069 0.133
14 0.264 0.6920000000000001 0.116 0.064
14 0.5795 0.6935 0.073 0.105
14 0.5975 0.609 0.057 0.084
14 0.719 0.6205 0.094 0.113
14 0.721 0.602 0.068 0.11800000000000001
14 0.7625000000000001 0.5875 0.045 0.105
14 0.6035 0.579 0.061 0.114
14 0.7005 0.5845 0.051000000000000004 0.117
14 0.2955 0.585 0.053 0.122
14 0.8115 0.6265000000000001 0.053 0.121
14 0.9045 0.5865 0.053 0.097
14 0.9415 0.5765 0.057 0.105
14 0.052000000000000005 0.679 0.078 0.106
