14 0.1865 0.845 0.097 0.198
14 0.6990000000000001 0.6495 0.062 0.163
14 0.6535 0.5690000000000001 0.067 0.148
14 0.2195 0.616 0.089 0.164
14 0.051000000000000004 0.553 0.064 0.158
14 0.038 0.47950000000000004 0.078 0.151
14 0.07100000000000001 0.437 0.064 0.14
14 0.34750000000000003 0.512 0.061 0.14400000000000002
14 0.28250000000000003 0.4255 0.067 0.135
14 0.35050000000000003 0.40700000000000003 0.059000000000000004 0.12
14 0.7445 0.47350000000000003 0.079 0.139
14 0.669 0.44 0.07200000000000001 0.112
14 0.8495 0.377 0.073 0.124
14 0.6880000000000001 0.28500000000000003 0.046 0.116
14 0.98 0.1945 0.038 0.105
