14 0.497 0.8395 0.08600000000000001 0.17300000000000001
14 0.489 0.722 0.078 0.152
14 0.9085 0.582 0.063 0.136
14 0.932 0.4385 0.048 0.113
14 0.8275 0.427 0.055 0.122
14 0.7015 0.4435 0.047 0.127
14 0.7325 0.38 0.035 0.114
14 0.40650000000000003 0.5245 0.053 0.127
14 0.2 0.619 0.074 0.128
14 0.0955 0.645 0.085 0.126
14 0.23500000000000001 0.5045000000000001 0.06 0.109
14 0.341 0.442 0.06 0.124
14 0.457 0.426 0.052000000000000005 0.116
14 0.47700000000000004 0.40700000000000003 0.07 0.132
14 0.097 0.3535 0.042 0.113
