14 0.1925 0.64 0.387 0.47000000000000003
14 0.41100000000000003 0.678 0.29 0.54
14 0.1485 0.5535 0.28500000000000003 0.481
14 0.336 0.4255 0.17200000000000001 0.419
14 0.86 0.712 0.278 0.47000000000000003
14 0.936 0.547 0.126 0.46
14 0.193 0.312 0.088 0.154
14 0.2655 0.309 0.075 0.166
14 0.4175 0.3065 0.061 0.17500000000000002
14 0.578 0.291 0.10400000000000001 0.23600000000000002
14 0.5545 0.3575 0.073 0.073
14 0.721 0.3595 0.07 0.075
14 0.788 0.354 0.07200000000000001 0.084
14 0.8615 0.3595 0.053 0.075
14 0.9055 0.3585 0.035 0.069
