14 0.094 0.593 0.052000000000000005 0.154
14 0.045 0.4675 0.052000000000000005 0.123
14 0.0565 0.34800000000000003 0.057 0.112
14 0.7585000000000001 0.7595000000000001 0.065 0.165
14 0.8240000000000001 0.6785 0.052000000000000005 0.153
14 0.3375 0.4245 0.059000000000000004 0.121
14 0.5815 0.5605 0.043000000000000003 0.131
14 0.544 0.548 0.054 0.136
14 0.634 0.543 0.054 0.14200000000000002
14 0.533 0.47050000000000003 0.062 0.125
14 0.5855 0.4655 0.039 0.109
14 0.6880000000000001 0.4825 0.05 0.145
14 0.7355 0.4965 0.091 0.129
14 0.7905 0.502 0.07100000000000001 0.146
14 0.7865 0.5195 0.053 0.107
