14 0.026000000000000002 0.724 0.036000000000000004 0.15
14 0.1495 0.6905 0.037 0.149
14 0.228 0.758 0.05 0.154
14 0.215 0.6565 0.044 0.133
14 0.3115 0.7395 0.057 0.161
14 0.34650000000000003 0.6965 0.043000000000000003 0.179
14 0.369 0.68 0.048 0.148
14 0.41050000000000003 0.71 0.043000000000000003 0.156
14 0.507 0.715 0.05 0.158
14 0.518 0.7285 0.038 0.155
14 0.559 0.7165 0.056 0.161
14 0.5915 0.7215 0.051000000000000004 0.159
14 0.637 0.7195 0.052000000000000005 0.165
14 0.7755 0.733 0.061 0.16
14 0.9445 0.7725 0.095 0.179
14 0.899 0.671 0.056 0.14200000000000002
14 0.8575 0.52 0.039 0.114
