14 0.964 0.7405 0.07 0.155
14 0.766 0.8385 0.082 0.187
14 0.281 0.58 0.05 0.18
14 0.3165 0.5725 0.047 0.17500000000000002
14 0.341 0.5670000000000001 0.042 0.17400000000000002
14 0.368 0.5595 0.044 0.171
14 0.40650000000000003 0.5640000000000001 0.053 0.154
14 0.455 0.5650000000000001 0.084 0.152
14 0.489 0.5565 0.078 0.151
14 0.452 0.5455 0.042 0.163
14 0.615 0.521 0.08600000000000001 0.15
14 0.668 0.5195 0.066 0.155
14 0.8075 0.417 0.067 0.134
14 0.9735 0.3685 0.051000000000000004 0.135
14 0.048 0.4165 0.088 0.131
