14 0.183 0.7265 0.054 0.111
14 0.048 0.638 0.048 0.094
14 0.034 0.509 0.046 0.084
14 0.124 0.3405 0.028 0.07100000000000001
14 0.34550000000000003 0.5375 0.053 0.091
14 0.6605 0.6930000000000001 0.069 0.09
14 0.75 0.663 0.046 0.08
14 0.908 0.607 0.056 0.082
14 0.6345000000000001 0.509 0.045 0.078
14 0.6235 0.4835 0.029 0.079
14 0.482 0.418 0.028 0.078
14 0.547 0.419 0.032 0.07200000000000001
14 0.327 0.23850000000000002 0.018000000000000002 0.057
14 0.4335 0.2905 0.023 0.059000000000000004
14 0.5760000000000001 0.361 0.028 0.07
14 0.7915 0.4485 0.035 0.083
14 0.625 0.307 0.036000000000000004 0.064
14 0.71 0.384 0.028 0.062
14 0.71 0.364 0.028 0.07
