14 0.9175 0.723 0.053 0.14400000000000002
14 0.7675000000000001 0.3815 0.031 0.107
14 0.336 0.706 0.124 0.138
14 0.295 0.665 0.068 0.14200000000000002
14 0.122 0.6385000000000001 0.07 0.113
14 0.2695 0.617 0.091 0.108
14 0.0585 0.5625 0.049 0.11900000000000001
14 0.47600000000000003 0.651 0.10400000000000001 0.136
14 0.4255 0.642 0.085 0.116
14 0.456 0.5655 0.106 0.11900000000000001
14 0.451 0.5690000000000001 0.09 0.098
14 0.556 0.5075000000000001 0.062 0.097
14 0.449 0.514 0.056 0.10400000000000001
14 0.4315 0.5075000000000001 0.035 0.105
