14 0.9365 0.3015 0.053 0.069
14 0.7115 0.714 0.049 0.126
14 0.212 0.666 0.088 0.134
14 0.1655 0.6505 0.073 0.123
14 0.638 0.616 0.056 0.112
14 0.6045 0.6175 0.061 0.089
14 0.546 0.6045 0.064 0.113
14 0.539 0.5645 0.062 0.101
14 0.47450000000000003 0.5605 0.085 0.10300000000000001
14 0.311 0.5265 0.038 0.115
14 0.0905 0.5485 0.053 0.121
14 0.08650000000000001 0.557 0.033 0.112
14 0.052000000000000005 0.5555 0.05 0.11900000000000001
14 0.5145 0.505 0.037 0.10400000000000001
14 0.51 0.5035000000000001 0.058 0.069
14 0.52 0.4565 0.044 0.055
