14 0.913 0.4245 0.064 0.089
14 0.965 0.398 0.038 0.1
14 0.8225 0.532 0.053 0.112
14 0.834 0.78 0.062 0.152
14 0.728 0.671 0.082 0.14
14 0.5125 0.7345 0.089 0.147
14 0.47600000000000003 0.6925 0.048 0.14300000000000002
14 0.4385 0.7345 0.089 0.14100000000000001
14 0.40800000000000003 0.667 0.052000000000000005 0.138
14 0.359 0.7655000000000001 0.10400000000000001 0.153
14 0.343 0.6835 0.044 0.099
14 0.2095 0.737 0.063 0.166
14 0.2595 0.728 0.073 0.148
14 0.2675 0.7045 0.059000000000000004 0.153
14 0.2905 0.6725 0.049 0.131
14 0.0655 0.7685 0.073 0.149
14 0.1275 0.6655 0.075 0.125
14 0.0245 0.684 0.051000000000000004 0.14200000000000002
