14 0.668 0.9255 0.064 0.147
14 0.043500000000000004 0.683 0.077 0.134
14 0.08600000000000001 0.648 0.088 0.13
14 0.5535 0.7275 0.069 0.155
14 0.712 0.586 0.074 0.122
14 0.41550000000000004 0.5995 0.059000000000000004 0.135
14 0.2005 0.555 0.051000000000000004 0.122
14 0.2285 0.545 0.073 0.10400000000000001
14 0.537 0.461 0.066 0.116
14 0.5165 0.40850000000000003 0.055 0.105
14 0.7855 0.41600000000000004 0.063 0.122
14 0.84 0.41000000000000003 0.052000000000000005 0.114
14 0.971 0.28300000000000003 0.046 0.108
14 0.196 0.2805 0.056 0.111
