1 0.5155 0.864 0.389 0.27
1 0.6795 0.7185 0.639 0.353
1 0.1855 0.7645000000000001 0.373 0.403
1 0.5690000000000001 0.5295 0.358 0.319
1 0.1275 0.323 0.257 0.448
1 0.6980000000000001 0.3615 0.602 0.41100000000000003
1 0.2445 0.405 0.441 0.47600000000000003
1 0.805 0.1795 0.388 0.183
1 0.8685 0.136 0.261 0.16
1 0.615 0.2 0.21 0.296
1 0.537 0.2555 0.162 0.23700000000000002
1 0.34500000000000003 0.1445 0.168 0.17300000000000001
1 0.2155 0.1335 0.11900000000000001 0.109
1 0.133 0.1285 0.268 0.241
1 0.214 0.044 0.406 0.09
1 0.779 0.0745 0.34800000000000003 0.151
1 0.5805 0.0605 0.165 0.123
